DOR Results:
Median:  44.7098565 95%: 54.27717235
Median:  49.101656 95%: 66.7709796
Median:  55.4563205 95%: 77.36243375
Median:  66.7675985 95%: 91.06896635
