RDR Results:
Median:  31.1471285 95%: 36.0496417
Median:  33.146985 95%: 38.9199132
Median:  35.363088 95%: 44.0718797
Median:  42.1034725 95%: 52.92891825
